  0.0   2.0  1.29  0.28089  0.10642  0.80  0.01  0.40  0.20  0.01  0.09  0.00058  7.44
  2.0   5.0  1.29  0.28089  0.10642  0.20  0.04  0.40  0.20  0.01  0.06  0.00058  7.44
  5.0  10.0  1.29  0.28089  0.10642  0.00  0.25  0.40  0.20  0.01  0.04  0.00058  7.44
 10.0  20.0  1.29  0.28089  0.10642  0.00  0.30  0.40  0.20  0.01  0.01  0.00058  7.44
 20.0  30.0  1.29  0.28089  0.10642  0.00  0.10  0.40  0.20  0.01  0.00  0.00058  7.44
 30.0  45.0  1.29  0.28089  0.10642  0.00  0.05  0.40  0.20  0.01  0.00  0.00058  7.44
 45.0  60.0  1.29  0.28089  0.10642  0.00  0.04  0.40  0.20  0.01  0.00  0.00058  7.44
 60.0  75.0  1.29  0.28089  0.10642  0.00  0.03  0.40  0.20  0.01  0.00  0.00058  7.44
 75.0  90.0  1.29  0.28089  0.10642  0.00  0.02  0.40  0.20  0.01  0.00  0.00058  7.44
 90.0 105.0  1.29  0.28089  0.10642  0.00  0.01  0.40  0.20  0.01  0.00  0.00058  7.44
105.0 120.0  1.29  0.28089  0.10642  0.00  0.00  0.40  0.20  0.01  0.00  0.00058  7.44
120.0 150.0  1.29  0.28089  0.10642  0.00  0.00  0.40  0.20  0.01  0.00  0.00058  7.44
150.0 180.0  1.29  0.28089  0.10642  0.00  0.00  0.40  0.20  0.01  0.00  0.00058  7.44
